1
6
5
4
3
2
1
1
Case #1: 0
2
1
Case #2: 1
3628800
Case #3: 0
3628800
3628799
3628798
3628797
3628796
3628795
3628794
3628793
3628792
3628791
3628790
3628789
3628788
3628787
3628786
3628785
3628784
3628783
3628782
3628781
3628780
3628779
3628778
3628777
3628776
3628775
3628774
3628773
3628772
3628771
3628770
3628769
3628768
3628767
3628766
3628765
3628764
3628763
3628762
3628761
3628760
3628759
3628758
3628757
3628756
3628755
3628754
3628753
3628752
3628751
3628750
3628749
3628748
3628747
3628746
3628745
3628744
3628743
3628742
3628741
3628740
3628739
3628738
3628737
3628736
3628735
3628734
3628733
3628732
3628731
3628730
3628729
3628728
3628727
3628726
3628725
3628724
3628723
3628722
3628721
3628720
3628719
3628718
3628717
3628716
3628715
3628714
3628713
3628712
3628711
3628710
3628709
3628708
3628707
3628706
3628705
3628704
3628703
3628702
3628701
3628700
3628699
3628698
3628697
3628696
3628695
3628694
3628693
3628692
3628691
3628690
3628689
3628688
3628687
3628686
3628685
3628684
3628683
3628682
3628681
3628680
3628679
3628678
3628677
3628676
3628675
3628674
3628673
3628672
3628671
3628670
3628669
3628668
3628667
3628666
3628665
3628664
3628663
3628662
3628661
3628660
3628659
3628658
3628657
3628656
3628655
3628654
3628653
3628652
3628651
3628650
3628649
3628648
3628647
3628646
3628645
3628644
3628643
3628642
3628641
3628640
3628639
3628638
3628637
3628636
3628635
3628634
3628633
3628632
3628631
3628630
3628629
3628628
3628627
3628626
3628625
3628624
3628623
3628622
3628621
3628620
3628619
3628618
3628617
3628616
3628615
3628614
3628613
3628612
3628611
3628610
3628609
3628608
3628607
3628606
3628605
3628604
3628603
3628602
3628601
3628600
3628599
3628598
3628597
3628596
3628595
3628594
3628593
3628592
3628591
3628590
3628589
3628588
3628587
3628586
3628585
3628584
3628583
3628582
3628581
3628580
3628579
3628578
3628577
3628576
3628575
3628574
3628573
3628572
3628571
3628570
3628569
3628568
3628567
3628566
3628565
3628564
3628563
3628562
3628561
3628560
3628559
3628558
3628557
3628556
3628555
3628554
3628553
3628552
3628551
3628550
3628549
3628548
3628547
3628546
3628545
3628544
3628543
3628542
3628541
3628540
3628539
3628538
3628537
3628536
3628535
3628534
3628533
3628532
3628531
3628530
3628529
3628528
3628527
3628526
3628525
3628524
3628523
3628522
3628521
3628520
3628519
3628518
3628517
3628516
3628515
3628514
3628513
3628512
3628511
3628510
3628509
3628508
3628507
3628506
3628505
3628504
3628503
3628502
3628501
3628500
3628499
3628498
3628497
3628496
3628495
3628494
3628493
3628492
3628491
3628490
3628489
3628488
3628487
3628486
3628485
3628484
3628483
3628482
3628481
3628480
3628479
3628478
3628477
3628476
3628475
3628474
3628473
3628472
3628471
3628470
3628469
3628468
3628467
3628466
3628465
3628464
3628463
3628462
3628461
3628460
3628459
3628458
3628457
3628456
3628455
3628454
3628453
3628452
3628451
3628450
3628449
3628448
3628447
3628446
3628445
3628444
3628443
3628442
3628441
3628440
3628439
3628438
3628437
3628436
3628435
3628434
3628433
3628432
3628431
3628430
3628429
3628428
3628427
3628426
3628425
3628424
3628423
3628422
3628421
3628420
3628419
3628418
3628417
3628416
3628415
3628414
3628413
3628412
3628411
3628410
3628409
3628408
3628407
3628406
3628405
3628404
3628403
3628402
3628401
3628400
3628399
3628398
3628397
3628396
3628395
3628394
3628393
3628392
3628391
3628390
3628389
3628388
3628387
3628386
3628385
3628384
3628383
3628382
3628381
3628380
3628379
3628378
3628377
3628376
3628375
3628374
3628373
3628372
3628371
3628370
3628369
3628368
3628367
3628366
3628365
3628364
3628363
3628362
3628361
3628360
3628359
3628358
3628357
3628356
3628355
3628354
3628353
3628352
3628351
3628350
3628349
3628348
3628347
3628346
3628345
3628344
3628343
3628342
3628341
3628340
3628339
3628338
3628337
3628336
3628335
3628334
3628333
3628332
3628331
3628330
3628329
3628328
3628327
3628326
3628325
3628324
3628323
3628322
3628321
3628320
3628319
3628318
3628317
3628316
3628315
3628314
3628313
3628312
3628311
3628310
3628309
3628308
3628307
3628306
3628305
3628304
3628303
3628302
3628301
3628300
3628299
3628298
3628297
3628296
3628295
3628294
3628293
3628292
3628291
3628290
3628289
3628288
3628287
3628286
3628285
3628284
3628283
3628282
3628281
3628280
3628279
3628278
3628277
3628276
3628275
3628274
3628273
3628272
3628271
3628270
3628269
3628268
3628267
3628266
3628265
3628264
3628263
3628262
3628261
3628260
3628259
3628258
3628257
3628256
3628255
3628254
3628253
3628252
3628251
3628250
3628249
3628248
3628247
3628246
3628245
3628244
3628243
3628242
3628241
3628240
3628239
3628238
3628237
3628236
3628235
3628234
3628233
3628232
3628231
3628230
3628229
3628228
3628227
3628226
3628225
3628224
3628223
3628222
3628221
3628220
3628219
3628218
3628217
3628216
3628215
3628214
3628213
3628212
3628211
3628210
3628209
3628208
3628207
3628206
3628205
3628204
3628203
3628202
3628201
3628200
3628199
3628198
3628197
3628196
3628195
3628194
3628193
3628192
3628191
3628190
3628189
3628188
3628187
3628186
3628185
3628184
3628183
3628182
3628181
3628180
3628179
3628178
3628177
3628176
3628175
3628174
3628173
3628172
3628171
3628170
3628169
3628168
3628167
3628166
3628165
3628164
3628163
3628162
3628161
3628160
3628159
3628158
3628157
3628156
3628155
3628154
3628153
3628152
3628151
3628150
3628149
3628148
3628147
3628146
3628145
3628144
3628143
3628142
3628141
3628140
3628139
3628138
3628137
3628136
3628135
3628134
3628133
3628132
3628131
3628130
3628129
3628128
3628127
3628126
3628125
3628124
3628123
3628122
3628121
3628120
3628119
3628118
3628117
3628116
3628115
3628114
3628113
3628112
3628111
3628110
3628109
3628108
3628107
3628106
3628105
3628104
3628103
3628102
3628101
3628100
3628099
3628098
3628097
3628096
3628095
3628094
3628093
3628092
3628091
3628090
3628089
3628088
3628087
3628086
3628085
3628084
3628083
3628082
3628081
3628080
3628079
3628078
3628077
3628076
3628075
3628074
3628073
3628072
3628071
3628070
3628069
3628068
3628067
3628066
3628065
3628064
3628063
3628062
3628061
3628060
3628059
3628058
3628057
3628056
3628055
3628054
3628053
3628052
3628051
3628050
3628049
3628048
3628047
3628046
3628045
3628044
3628043
3628042
3628041
3628040
3628039
3628038
3628037
3628036
3628035
3628034
3628033
3628032
3628031
3628030
3628029
3628028
3628027
3628026
3628025
3628024
3628023
3628022
3628021
3628020
3628019
3628018
3628017
3628016
3628015
3628014
3628013
3628012
3628011
3628010
3628009
3628008
3628007
3628006
3628005
3628004
3628003
3628002
3628001
3628000
3627999
3627998
3627997
3627996
3627995
3627994
3627993
3627992
3627991
3627990
3627989
3627988
3627987
3627986
3627985
3627984
3627983
3627982
3627981
3627980
3627979
3627978
3627977
3627976
3627975
3627974
3627973
3627972
3627971
3627970
3627969
3627968
3627967
3627966
3627965
3627964
3627963
3627962
3627961
3627960
3627959
3627958
3627957
3627956
3627955
3627954
3627953
3627952
3627951
3627950
3627949
3627948
3627947
3627946
3627945
3627944
3627943
3627942
3627941
3627940
3627939
3627938
3627937
3627936
3627935
3627934
3627933
3627932
3627931
3627930
3627929
3627928
3627927
3627926
3627925
3627924
3627923
3627922
3627921
3627920
3627919
3627918
3627917
3627916
3627915
3627914
3627913
3627912
3627911
3627910
3627909
3627908
3627907
3627906
3627905
3627904
3627903
3627902
3627901
3627900
3627899
3627898
3627897
3627896
3627895
3627894
3627893
3627892
3627891
3627890
3627889
3627888
3627887
3627886
3627885
3627884
3627883
3627882
3627881
3627880
3627879
3627878
3627877
3627876
3627875
3627874
3627873
3627872
3627871
3627870
3627869
3627868
3627867
3627866
3627865
3627864
3627863
3627862
3627861
3627860
3627859
3627858
3627857
3627856
3627855
3627854
3627853
3627852
3627851
3627850
3627849
3627848
3627847
3627846
3627845
3627844
3627843
3627842
3627841
3627840
3627839
3627838
3627837
3627836
3627835
3627834
3627833
3627832
3627831
3627830
3627829
3627828
3627827
3627826
3627825
3627824
3627823
3627822
3627821
3627820
3627819
3627818
3627817
3627816
3627815
3627814
3627813
3627812
3627811
3627810
3627809
3627808
3627807
3627806
3627805
